Year,StartPop,rN,(K-N)/K,DeltaN,Final
1,100,5,0.99,4.95,104.95
2,104.95,5.2475,0.989505,5.192427488,110.1424275
3,110.1424275,5.507121374,0.988985757,5.446464603,115.5888921
4,115.5888921,5.779444605,0.988441111,5.712640645,121.3015327
5,121.3015327,6.065076637,0.987869847,5.991506328,127.2930391
6,127.2930391,6.364651953,0.987270696,6.283634364,133.5766734
7,133.5766734,6.678833671,0.986642333,6.589620033,140.1662935
8,140.1662935,7.008314673,0.985983371,6.910081724,147.0763752
9,147.0763752,7.353818759,0.985292362,7.245661458,154.3220366
10,154.3220366,7.716101832,0.984567796,7.597025377,161.919062
11,161.919062,8.095953101,0.983808094,7.964864188,169.8839262
12,169.8839262,8.49419631,0.983011607,8.349893568,178.2338198
13,178.2338198,8.911690989,0.982176618,8.752854516,186.9866743
14,186.9866743,9.349333715,0.981301333,9.174513633,196.1611879
15,196.1611879,9.808059396,0.980383881,9.615663338,205.7768513
16,205.7768513,10.28884256,0.979422315,10.077122,215.8539733
17,215.8539733,10.79269866,0.978414603,10.55973397,226.4137072
18,226.4137072,11.32068536,0.977358629,11.06436953,237.4780768
19,237.4780768,11.87390384,0.976252192,11.59192465,249.0700014
20,249.0700014,12.45350007,0.975093,12.14332074,261.2133222
21,261.2133222,13.06066611,0.973878668,12.71950411,273.9328263
22,273.9328263,13.69664131,0.972606717,13.32144535,287.2542716
23,287.2542716,14.36271358,0.971274573,13.9501385,301.2044101
24,301.2044101,15.06022051,0.969879559,14.60660002,315.8110101
25,315.8110101,15.79055051,0.968418899,15.29186754,331.1028777
26,331.1028777,16.55514388,0.966889712,16.00699831,347.109876
27,347.109876,17.3554938,0.965289012,16.75306747,363.8629434
28,363.8629434,18.19314717,0.963613706,17.53116596,381.3941094
29,381.3941094,19.06970547,0.961860589,18.34239814,399.7365076
30,399.7365076,19.98682538,0.960026349,19.187879,418.9243866
31,418.9243866,20.94621933,0.958107561,20.06873112,438.9931177
32,438.9931177,21.94965588,0.956100688,20.9860811,459.9791988
33,459.9791988,22.99895994,0.95400208,21.94105562,481.9202544
34,481.9202544,24.09601272,0.951807975,22.93477706,504.8550314
35,504.8550314,25.24275157,0.949514497,23.96835856,528.82339
36,528.82339,26.4411695,0.947117661,25.04289861,553.8662886
37,553.8662886,27.69331443,0.944613371,26.1594751,580.0257637
38,580.0257637,29.00128819,0.941997424,27.31913875,607.3449025
39,607.3449025,30.36724512,0.93926551,28.52290597,635.8678084
40,635.8678084,31.79339042,0.936413219,29.77175107,665.6395595
41,665.6395595,33.28197798,0.933436044,31.06659786,696.7061574
42,696.7061574,34.83530787,0.930329384,32.40831052,729.1144679
43,729.1144679,36.4557234,0.927088553,33.79768386,762.9121518
44,762.9121518,38.14560759,0.923708785,35.23543283,798.1475846
45,798.1475846,39.90737923,0.920185242,36.7221814,834.869766
46,834.869766,41.7434883,0.916513023,38.25845067,873.1282167
47,873.1282167,43.65641083,0.912687178,39.84464642,912.9728631
48,912.9728631,45.64864315,0.908702714,41.48104591,954.453909
49,954.453909,47.72269545,0.904554609,43.16778413,997.6216931
50,997.6216931,49.88108466,0.900237831,44.90483944,1042.526533
51,1042.526533,52.12632663,0.895747347,46.69201877,1089.218551
52,1089.218551,54.46092757,0.891078145,48.5289423,1137.747494
53,1137.747494,56.88737468,0.886225251,50.41502789,1188.162522
54,1188.162522,59.40812608,0.881183748,52.34947519,1240.511997
55,1240.511997,62.02559984,0.8759488,54.33124977,1294.843246
56,1294.843246,64.74216232,0.870515675,56.35906716,1351.202314
57,1351.202314,67.56011568,0.864879769,58.43137722,1409.633691
58,1409.633691,70.48168454,0.859036631,60.54634883,1470.18004
59,1470.18004,73.50900198,0.852981996,62.70185524,1532.881895
60,1532.881895,76.64409475,0.846711811,64.89546023,1597.777355
61,1597.777355,79.88886776,0.840222264,67.12440537,1664.901761
62,1664.901761,83.24508803,0.833509824,69.38559866,1734.287359
63,1734.287359,86.71436796,0.826571264,71.67560474,1805.962964
64,1805.962964,90.2981482,0.819403704,73.99063706,1879.953601
65,1879.953601,93.99768005,0.81200464,76.32655234,1956.280153
66,1956.280153,97.81400767,0.804371985,78.67884747,2034.959001
67,2034.959001,101.74795,0.7965041,81.04265937,2116.00166
68,2116.00166,105.800083,0.788399834,83.41276788,2199.414428
69,2199.414428,109.9707214,0.780058557,85.78360227,2285.19803
70,2285.19803,114.2599015,0.771480197,88.14925133,2373.347282
71,2373.347282,118.6673641,0.762665272,90.50347749,2463.850759
72,2463.850759,123.192538,0.753614924,92.83973514,2556.690494
73,2556.690494,127.8345247,0.744330951,95.1511933,2651.841688
74,2651.841688,132.5920844,0.734815831,97.4307627,2749.27245
75,2749.27245,137.4636225,0.725072755,99.67112748,2848.943578
76,2848.943578,142.4471789,0.715105642,101.8647813,2950.808359
77,2950.808359,147.540418,0.704919164,104.0040681,3054.812427
78,3054.812427,152.7406214,0.694518757,106.0812265,3160.893654
79,3160.893654,158.0446827,0.683910635,108.0884392,3268.982093
80,3268.982093,163.4491046,0.673101791,110.017885,3378.999978
81,3378.999978,168.9499989,0.662100002,111.8617946,3490.861773
82,3490.861773,174.5430886,0.650913823,113.6125091,3604.474282
83,3604.474282,180.2237141,0.639552572,115.2625398,3719.736822
84,3719.736822,185.9868411,0.628026318,116.804631,3836.541452
85,3836.541452,191.8270726,0.616345855,118.231821,3954.773274
86,3954.773274,197.7386637,0.604522673,119.5375055,4074.310779
87,4074.310779,203.7155389,0.592568922,120.7154973,4195.026276
88,4195.026276,209.7513138,0.580497372,121.7600865,4316.786363
89,4316.786363,215.8393181,0.568321364,122.6660956,4439.452458
90,4439.452458,221.9726229,0.556054754,123.4289323,4562.881391
91,4562.881391,228.1440695,0.543711861,124.0446366,4686.926027
92,4686.926027,234.3463014,0.531307397,124.5099234,4811.435951
93,4811.435951,240.5717975,0.518856405,124.822218,4936.258169
94,4936.258169,246.8129084,0.506374183,124.9796849,5061.237854
95,5061.237854,253.0618927,0.493876215,124.9812496,5186.219103
96,5186.219103,259.3109552,0.48137809,124.8266122,5311.045716
97,5311.045716,265.5522858,0.468895428,124.5162528,5435.561968
98,5435.561968,271.7780984,0.456443803,124.0514289,5559.613397
99,5559.613397,277.9806699,0.44403866,123.4341642,5683.047561
100,5683.047561,284.1523781,0.431695244,122.6672301,5805.714792
